[app/ui]
version = 7.2.3
modtime = 1548529324.095179000

[app/launcher]
version = 7.2.3
modtime = 1548529324.096415000

[views/vulnerability_dashboard]
owner = admin
version = 7.2.3
modtime = 1548540473.623535000
